>1A02_N
44	47	49	50	52	53	143	145	160	161	194	195	288	
>1A02_F
7	10	11	13	16	17	18	21	
>1A35_A
92	180	187	190	193	200	237	238	250	251	252	254	262	265	269	314	315	317	327	358	361	400	411	413	416	458	459	460	461	548	549	
>1A73_A
49	53	56	57	61	63	65	67	74	79	95	98	119	120	123	
>1B01_A
2	4	6	8	28	29	
>1B3T_A
1	2	3	4	5	7	8	9	10	17	53	54	58	59	61	62	75	76	78	100	126	130	
>1B72_B
3	5	7	28	34	47	50	51	54	56	58	60	65	
>1BDH_A
13	15	16	25	27	28	31	53	54	
>1BG1_A
256	291	305	306	339	340	343	
>1BPX_A
34	35	41	63	64	65	66	68	69	103	105	106	107	108	109	110	190	229	230	231	233	234	271	296	
>1BRN_L
27	38	54	56	57	59	60	73	83	84	85	87	102	103	
>1C9B_A
1	37	43	44	45	46	47	69	80	84	87	138	139	140	143	162	175	177	181	
>1CBV_L
31	37	96	97	98	99	
>1CMA_A
17	22	23	25	40	52	54	
>1CW0_A
1	2	4	9	10	11	12	13	14	15	17	18	21	47	62	64	67	68	78	80	81	85	88	92	95	98	120	121	123	
>1D02_A
50	78	79	81	100	101	102	115	117	118	121	161	
>1D2I_A
35	38	39	50	54	80	81	84	97	98	99	108	134	139	140	141	144	190	192	215	217	
>1D5Y_A
22	23	31	32	33	34	35	37	38	49	88	92	
>1DC1_A
31	74	79	80	81	124	125	128	131	132	135	165	167	185	201	209	210	212	242	243	244	246	248	252	253	255	287	
>1DDN_A
7	27	28	29	36	37	40	42	43	50	60	
>1DH3_A
2	8	9	10	14	16	17	19	
>1DMU_A
74	76	79	83	116	144	145	146	149	150	160	161	218	266	271	277	
>1DNK_A
14	41	43	74	75	76	111	134	168	170	207	211	252	
>1DP7_P
41	45	48	58	62	66	67	69	
>1EBM_A
34	140	141	142	143	144	146	194	196	199	238	239	241	242	258	260	262	279	307	311	
>1ECR_A
88	89	91	93	139	140	152	153	156	157	173	174	175	176	177	178	179	180	193	198	208	229	231	232	234	237	241	250	285	287	289	290	291	294	302	
>1EMH_A
67	165	187	189	190	192	194	
>1EOO_A
37	68	69	70	71	90	92	93	94	95	111	112	119	182	183	184	185	186	188	222	223	226	231	
>1ESG_A
155	194	195	196	
>1EYU_A
33	34	35	55	56	57	70	71	73	76	81	82	83	84	93	126	130	140	141	143	
>1F4K_A
9	15	16	33	35	54	55	58	59	62	72	83	
>1F4R_A
48	55	57	62	64	66	80	83	85	86	90	101	103	118	138	140	141	150	183	184	
>1FIU_A
34	36	59	62	63	64	66	99	100	140	188	189	191	192	193	194	197	227	
>1FJX_A
41	42	43	44	78	79	81	85	86	87	89	90	97	119	121	126	162	163	165	209	226	228	234	236	237	240	242	249	250	253	254	255	256	257	294	297	303	
>1FYM_B
50	52	
>1FZP_B
10	14	17	83	
>1GD2_E
12	13	15	16	17	20	23	24	26	
>1GDT_A
119	125	126	129	130	140	141	142	144	146	148	160	162	171	172	173	174	176	177	
>1H38_A
50	57	160	161	164	267	298	422	423	639	640	641	644	645	704	739	771	772	
>1H8A_C
27	30	63	64	66	67	68	99	101	102	114	117	118	122	126	
>1HCR_A
1	2	3	36	37	39	40	41	43	44	45	47	48	49	50	51	52	
>1HHT_P
26	27	30	149	204	273	274	291	393	399	543	576	628	629	633	634	646	
>1HJB_A
11	16	20	22	23	24	26	27	28	29	30	31	
>1HJB_C
21	24	76	80	83	111	112	115	118	
>1HLV_A
5	6	13	27	28	38	40	41	43	44	47	66	70	72	73	74	97	119	120	121	122	125	127	129	
>1HWT_C
5	9	16	17	19	22	57	60	64	65	
>1I3J_A
32	35	36	39	41	42	46	47	48	50	51	53	58	61	62	64	65	67	68	69	70	71	72	73	74	85	86	91	96	101	102	103	105	108	113	
>1I7D_A
7	8	43	50	51	61	103	107	165	169	170	173	177	178	185	192	194	196	197	198	199	317	321	328	330	523	524	527	531	534	538	
>1IAW_A
59	60	62	63	86	97	98	99	100	142	144	145	146	148	150	153	190	192	195	197	215	224	225	226	228	229	230	232	234	238	252	253	269	
>1IGN_A
8	9	11	31	32	33	34	45	46	47	49	50	52	53	54	56	58	92	93	94	95	97	166	169	171	184	185	187	188	190	191	192	194	195	196	223	224	226	236	237	238	239	241	242	
>1J1V_A
25	26	28	34	35	42	48	49	50	59	61	62	63	66	69	70	
>1JB7_A
62	63	64	65	66	72	75	77	105	107	130	135	139	142	223	225	239	240	260	261	274	275	291	292	293	
>1JE8_A
23	24	25	38	48	49	51	52	55	56	58	68	69	
>1JEY_B
7	53	85	126	242	265	275	325	338	397	398	399	400	402	431	486	
>1JEY_A
78	80	254	255	256	278	282	285	403	404	
>1JMC_A
34	36	38	40	45	58	60	62	63	65	87	90	93	101	103	104	156	161	163	167	183	185	206	210	216	219	220	
>1JNM_A
6	8	9	10	16	17	
>1K78_A
21	22	29	30	31	32	33	38	50	51	52	56	61	62	66	71	81	82	84	85	86	90	91	110	111	115	131	133	134	136	137	140	
>1KC6_A
108	109	110	113	126	128	129	131	134	135	137	138	140	143	146	198	200	202	205	206	208	247	
>1L3L_A
190	201	203	204	206	208	210	219	220	221	
>1LLI_A
4	19	22	26	33	42	44	45	52	55	61	
>1LQ1_A
24	44	45	46	47	51	64	66	67	70	71	103	
>1MA7_A
43	44	46	47	50	53	56	87	89	90	92	93	96	97	112	137	165	179	180	181	207	208	247	248	250	261	263	265	268	288	289	293	294	321	330	
>1MDY_A
13	17	19	20	21	23	47	48	
>1MM8_A
103	214	241	243	247	248	249	257	259	300	302	323	326	327	330	333	334	337	338	371	439	442	443	444	447	449	
>1N6J_A
1	2	3	4	5	19	23	29	30	
>1NKP_A
2	6	7	10	11	14	17	18	22	42	43	
>1NOP_A
81	136	138	140	277	280	338	346	395	412	467	
>1ODH_A
54	55	62	63	65	67	69	73	74	99	100	101	107	131	160	167	
>1OUP_A
10	49	51	57	59	67	76	81	82	109	110	113	137	
>1OUZ_A
4	5	45	51	55	57	60	61	63	64	65	66	71	73	76	78	82	86	88	
>1P4E_A
1	2	46	52	55	57	59	61	65	81	107	168	169	173	177	190	191	192	221	222	223	277	280	283	284	288	298	299	302	303	304	329	330	
>1P7D_A
20	22	23	26	27	32	62	63	65	66	71	102	103	104	125	139	141	161	162	201	202	203	208	211	213	214	215	217	220	221	233	235	260	267	268	269	273	
>1PAR_A
1	3	4	5	9	10	11	13	23	32	33	
>1Q9Y_A
287	363	364	365	394	395	567	568	570	571	575	577	625	708	709	710	711	731	736	738	786	787	789	793	794	803	804	807	847	877	
>1R71_A
55	64	65	67	68	70	93	95	105	124	131	
>1R7M_A
13	14	15	23	43	44	46	48	50	59	61	62	63	81	84	86	88	90	94	102	104	105	144	145	149	151	152	163	165	166	192	193	195	222	
>1RBJ_A
7	11	12	41	43	44	45	67	69	71	83	109	111	119	120	121	123	
>1REP_C
33	75	77	79	80	83	124	125	127	159	161	195	196	197	198	200	202	203	205	206	207	233	234	
>1RH6_A
6	14	
>1RRQ_A
29	46	49	51	52	53	54	88	89	90	91	92	125	127	129	130	147	149	152	167	203	263	308	311	312	349	
>1SA3_A
28	119	120	121	122	123	124	127	130	160	161	237	248	249	251	252	253	254	257	259	261	
>1SFU_A
44	47	48	51	67	
>1T2K_D
2	8	9	10	15	16	17	19	
>1T8E_B
73	
>1TAU_A
485	516	519	520	537	539	540	543	544	568	569	570	573	575	576	577	578	580	582	583	585	586	587	615	671	674	677	746	750	754	784	
>1TGH_A
12	13	15	41	42	43	47	49	54	58	60	62	64	66	68	71	102	103	105	133	134	135	138	140	147	149	151	153	155	157	159	160	
>1TRO_A
44	46	54	68	69	76	79	81	84	86	87	90	
>1TSR_A
72	74	75	
>1U1K_A
12	15	17	42	46	55	56	57	59	85	87	88	89	90	92	95	101	
>1U3E_M
13	23	26	30	31	33	37	39	41	45	48	51	52	54	56	57	72	73	74	75	93	96	97	100	105	106	107	108	111	112	114	115	118	119	121	137	139	148	150	151	153	154	157	160	162	164	170	
>1U78_A
2	3	4	24	25	26	30	34	35	36	37	40	49	52	54	55	57	58	59	60	80	81	92	93	94	95	97	102	
>1U8B_A
25	27	28	30	32	37	39	41	45	61	64	65	95	106	108	109	111	112	121	123	
>1UUT_A
25	26	29	58	61	65	118	119	121	
>1VAS_A
1	2	15	17	20	21	22	24	25	33	36	52	53	54	56	57	60	70	74	82	83	84	85	86	88	90	116	120	124	127	
>1WVL_A
8	9	22	24	26	28	29	31	42	46	65	
>1X9N_A
72	74	75	115	117	119	185	187	189	218	220	222	224	226	227	262	326	337	341	357	359	363	404	405	408	409	410	411	515	537	539	540	545	564	566	567	569	570	571	619	621	624	638	639	641	643	
>1XC8_A
2	5	57	72	74	75	90	91	108	109	110	111	129	170	217	219	221	222	254	256	260	
>1XF2_H
104	105	
>1XPX_A
42	47	50	51	54	136	
>1XSD_A
9	11	41	44	47	51	
>1YFJ_A
89	96	111	116	118	124	126	
>1Z63_A
118	121	135	137	141	167	168	275	322	
>1ZNS_A
48	51	54	56	78	83	84	94	95	96	98	100	102	127	131	132	
>1ZX4_A
26	27	28	37	38	39	40	42	43	46	65	
>1ZZI_A
19	20	22	23	24	25	26	29	33	42	44	52	77	78	
>2A0I_A
1	2	3	12	13	16	80	85	86	88	146	150	155	157	159	186	187	190	193	194	197	201	221	223	237	238	242	251	254	255	262	265	
>2A3V_A
18	19	22	26	28	32	64	65	66	67	68	69	70	73	80	88	89	100	101	135	137	145	157	160	204	205	208	209	210	248	265	266	267	271	293	294	295	297	298	302	
>2BOP_A
14	17	33	34	36	
>2BPA_1
207	211	217	
>2C5R_B
58	
>2C62_A
9	14	16	21	23	25	28	36	37	38	40	43	48	
>2C9L_Y
6	8	9	10	14	15	16	17	19	
>2CGP_A
58	169	170	180	181	182	183	186	202	
>2D7D_A
66	67	91	141	146	346	350	481	
>2DGC_A
14	17	18	22	25	
>2ES2_A
7	8	25	27	29	56	57	59	
>2ETW_A
59	62	63	102	115	116	117	180	181	182	211	212	217	259	264	265	331	336	338	
>2EX5_A
17	24	61	62	64	67	68	70	84	86	89	90	110	112	113	124	125	152	168	187	188	191	192	193	194	
>2EZV_A
46	103	105	106	109	125	126	127	165	207	208	209	210	211	212	213	215	218	220	222	
>2F8N_K
34	35	36	37	49	52	55	62	64	96	97	
>2FIO_A
3	4	5	9	32	35	50	53	
>2FKC_A
3	4	7	8	10	11	12	14	15	62	81	84	85	86	87	91	92	93	96	134	135	208	210	221	223	225	226	227	229	236	238	
>2FQZ_A
17	24	57	61	106	111	113	114	115	116	117	118	119	121	125	157	182	183	184	186	187	188	190	
>2H1O_E
4	6	26	27	32	
>2H1O_A
142	143	
>2H27_A
21	31	37	38	48	50	51	53	54	55	57	58	60	
>2H7F_X
39	67	69	70	72	76	80	130	131	132	133	136	140	142	167	206	218	220	273	274	
>2HAN_B
21	22	23	29	32	36	37	60	61	62	64	67	82	90	91	
>2HVS_A
41	55	56	67	105	108	219	226	228	
>2I0Q_B
45	49	102	109	134	140	145	
>2I13_A
32	33	35	36	43	57	59	63	67	68	71	85	87	89	90	91	92	96	117	120	124	143	145	147	148	150	152	162	171	173	175	178	180	
>2NNY_A
66	105	109	116	117	118	121	124	125	126	127	134	139	140	
>2NTC_A
19	21	23	24	25	26	27	74	75	76	82	99	
>2O49_A
26	27	37	38	39	40	43	58	62	
>2O61_A
16	18	19	21	22	24	25	27	105	106	107	172	201	203	204	229	230	295	326	328	329	331	332	345	349	351	374	376	378	382	402	458	460	461	462	477	497	498	499	501	506	507	518	525	
>2O8B_B
69	71	91	92	93	94	96	111	112	114	122	124	130	131	147	151	170	171	173	507	632	637	661	662	666	
>2OWO_A
29	84	97	115	118	136	196	201	205	208	209	210	303	304	308	314	330	333	334	338	351	352	355	360	380	383	384	385	421	453	455	457	458	487	488	489	491	492	495	519	521	523	524	551	553	554	555	556	
>2OXV_A
86	87	89	113	115	117	129	130	138	140	141	142	145	148	149	
>2P6R_A
76	77	78	102	103	104	121	124	127	154	155	250	251	252	253	257	282	303	304	329	330	331	349	350	351	354	355	356	357	388	521	526	527	591	592	598	599	602	637	638	639	641	643	644	685	
>2PY5_A
14	17	62	64	65	97	99	100	101	102	120	129	130	148	189	192	223	313	391	392	396	402	407	414	422	531	560	
>2Q2K_A
28	48	49	51	52	56	
>2Q2T_A
51	53	63	66	96	101	105	194	197	199	201	207	209	224	226	238	239	241	242	243	244	255	256	267	269	270	272	274	295	302	304	307	309	
>2QFJ_A
32	74	104	106	
>2QHB_A
2	5	28	40	41	43	47	48	51	
>2QL2_D
7	10	11	18	39	
>2QL2_A
2	6	8	9	10	12	17	38	39	
>2QSH_A
32	34	35	36	40	43	198	200	343	349	378	400	401	460	462	503	505	506	507	508	510	
>2R9L_A
16	29	56	58	66	67	74	86	87	91	107	220	235	237	
>2RBF_A
6	7	8	9	11	30	32	
>2RGR_A
31	57	59	60	61	62	112	115	229	232	233	272	282	318	415	416	417	418	420	547	
>2VHG_A
14	55	56	76	78	79	82	87	89	90	91	93	94	97	111	113	
>2VS8_A
21	22	23	26	30	31	33	34	35	36	37	38	42	44	68	69	71	77	78	80	82	84	86	87	90	94	117	118	125	127	129	130	131	151	153	155	156	158	167	168	
>2W42_A
26	27	30	118	123	124	127	137	138	139	140	147	148	150	151	152	154	155	156	159	163	378	380	383	427	
>2W7N_A
18	19	20	22	23	37	38	47	48	49	50	52	53	57	
>2WTF_A
79	81	87	96	97	302	333	334	416	417	419	449	479	
>2XSD_C
48	49	50	51	52	55	60	62	65	105	106	123	144	149	151	152	153	155	
>2YVH_A
5	26	37	38	39	43	44	47	48	
>2Z3X_A
3	4	16	28	29	33	34	36	37	40	41	44	52	
>2ZO0_B
21	22	34	35	36	39	41	42	52	55	58	67	68	70	78	80	128	199	
>3A5T_A
41	45	46	48	52	53	55	
>3A5U_A
1	14	15	20	21	36	54	61	82	85	86	88	90	99	
>3A6N_A
43	44	45	46	47	49	50	53	67	69	70	73	76	87	88	89	121	122	
>3A6N_B
27	34	36	39	40	49	50	51	81	82	83	84	
>3A6N_D
35	36	37	38	39	40	44	57	58	60	90	91	92	
>3AAF_A
31	33	42	44	45	47	48	89	91	92	93	94	
>3B39_A
6	58	90	94	124	
>3BRF_A
42	44	48	49	182	183	185	212	214	215	216	217	291	310	
>3BS1_A
29	34	48	50	51	63	66	67	83	96	97	98	
>3C25_A
13	57	60	61	80	141	144	145	156	157	158	160	183	184	185	186	187	188	189	190	191	192	230	232	236	237	241	245	358	
>3C2I_A
33	35	37	38	40	43	45	57	58	82	83	
>3C2P_A
126	141	183	193	214	279	280	281	330	433	687	692	693	700	833	861	862	898	913	914	916	933	937	
>3CLC_A
26	27	28	38	39	40	42	46	49	50	52	55	
>3COQ_A
1	3	8	10	11	13	16	42	43	44	
>3CRO_L
17	23	24	34	35	36	37	39	48	49	50	51	
>3D6Y_A
7	8	9	23	41	42	43	
>3DLB_A
36	37	48	51	52	80	81	82	195	197	218	223	226	227	232	254	255	
>3DSC_A
13	14	15	16	17	18	52	
>3E6C_C
148	149	150	179	180	181	190	192	193	195	229	230	232	
>3EH8_A
15	16	18	20	22	23	24	27	35	37	49	55	59	61	64	66	70	72	74	94	111	147	148	152	154	156	162	168	170	189	190	192	200	202	204	227	230	243	
>3EI1_B
74	117	206	252	271	295	297	298	299	319	330	353	
>3ERE_D
21	37	52	53	54	55	57	58	67	74	78	
>3EY1_A
13	14	15	17	74	125	134	136	
>3EYI_A
26	40	43	44	47	
>3F27_D
8	9	12	14	15	19	22	33	34	38	45	76	80	
>3F2B_A
479	587	591	593	595	598	631	635	636	673	682	684	687	688	689	743	746	748	771	772	891	916	918	924	974	976	1007	
>3FD2_A
21	22	23	24	26	28	32	34	35	36	41	49	50	51	70	72	75	86	122	123	139	142	144	224	225	226	227	229	231	233	235	237	238	239	244	252	253	254	273	275	278	282	289	325	342	345	347	
>3FDQ_A
112	114	115	118	121	124	136	137	138	139	140	141	142	143	
>3FMT_A
68	69	96	97	98	99	101	115	117	119	131	136	
>3G00_A
12	13	15	19	20	40	45	65	66	67	68	114	117	208	209	
>3GQC_A
24	27	28	29	30	33	119	120	127	175	242	289	322	324	326	327	354	356	357	358	379	380	381	384	385	386	388	389	396	397	413	423	441	442	444	445	446	450	454	
>3GX4_X
3	25	26	36	37	39	40	43	45	46	56	59	62	67	69	70	71	92	
>3GXQ_A
10	11	15	17	36	37	39	43	
>3GZ6_A
192	194	195	197	198	199	202	216	217	218	219	220	221	236	239	
>3H0D_A
2	3	4	26	27	37	39	40	42	43	48	59	60	61	62	63	66	
>3H25_A
19	20	26	49	50	51	63	64	66	67	69	70	71	162	164	166	177	179	182	
>3H8R_A
50	51	52	54	58	72	73	115	116	119	146	151	153	183	189	
>3HQF_A
32	35	37	42	45	46	50	70	90	94	101	102	103	105	107	109	110	169	
>3I2O_A
45	46	59	66	119	121	123	125	200	
>3IAY_A
185	375	376	377	378	488	489	491	499	514	520	521	523	639	640	642	643	649	651	697	747	748	749	750	767	773	774	825	826	828	831	832	833	835	837	857	869	890	894	898	
>3IGM_A
1	5	12	14	16	17	23	25	30	31	32	34	36	
>3IV5_A
73	74	75	84	85	87	89	90	91	
>3JSO_A
5	7	27	28	37	38	39	41	45	46	48	60	61	62	63	64	
>3K4X_A
90	148	152	196	225	379	380	689	
>3KDE_C
1	5	18	21	40	42	63	65	66	67	
>3KET_A
8	10	14	34	35	45	50	51	58	61	62	63	64	65	66	
>3KJO_A
31	33	36	39	41	42	48	60	62	87	89	94	159	161	223	224	243	245	266	270	271	273	
>3KK1_A
24	25	27	30	61	76	78	81	89	91	92	152	154	157	183	186	230	231	258	259	262	263	266	284	353	355	358	359	361	374	448	451	473	475	500	501	539	
>3KMP_A
62	66	68	73	92	
>3KNT_A
6	10	13	47	48	49	50	51	52	79	84	85	86	87	89	124	125	127	129	136	145	147	148	149	150	152	169	170	174	177	178	181	194	198	199	200	207	
>3KYL_A
141	194	210	256	308	309	343	406	416	417	418	421	423	442	443	446	477	
>3L2R_A
115	116	117	118	210	211	212	213	216	218	219	221	222	224	225	228	231	232	261	265	351	353	354	366	
>3LWH_A
24	26	28	29	30	31	33	49	51	53	
>3M4A_A
2	110	111	113	114	115	116	122	129	186	187	191	
>3M7K_A
6	17	19	20	21	28	32	35	36	39	80	81	82	85	86	87	88	90	93	100	110	114	
>3MAQ_A
268	270	271	272	278	280	370	374	404	406	503	506	512	612	619	620	621	622	637	642	643	644	691	692	694	695	700	703	704	707	756	760	
>3MKW_B
29	45	46	54	55	56	57	58	61	83	85	86	92	
>3MVA_O
39	42	43	45	46	74	77	81	109	112	116	117	142	145	146	149	154	187	190	195	198	227	230	232	235	271	274	278	297	300	301	305	324	326	331	332	334	338	
>3MVD_K
29	30	240	242	
>3N1I_A
36	38	45	69	71	92	93	94	97	98	107	
>3OA6_A
69	71	72	73	74	75	
>3OD8_A
36	39	42	54	64	71	
>3ORC_A
24	25	28	37	55	64	65	
>3OSN_A
59	60	97	99	103	127	207	242	243	246	301	303	304	305	307	331	358	360	
